3 0.463672 0.492361 0.055469 0.076389
3 0.526563 0.501389 0.059375 0.102778
6 0.192969 0.429861 0.107813 0.345833
6 0.585547 0.468750 0.028906 0.095833
6 0.667188 0.461111 0.040625 0.138889
6 0.713281 0.471528 0.029687 0.076389
6 0.783594 0.454167 0.050000 0.158333
6 0.832812 0.465278 0.037500 0.125000
6 0.951563 0.468750 0.060938 0.262500
1 0.137891 0.596528 0.130469 0.334722
1 0.039453 0.537500 0.072656 0.158333
1 0.582031 0.539583 0.034375 0.093056
1 0.616797 0.527083 0.017969 0.070833
1 0.673437 0.564583 0.050000 0.118056
1 0.720312 0.542361 0.031250 0.076389
1 0.791406 0.574306 0.057813 0.137500
1 0.851172 0.582639 0.036719 0.126389
