3 0.535937 0.490972 0.057813 0.106944
6 0.489062 0.445139 0.034375 0.109722
6 0.581250 0.458333 0.031250 0.069444
6 0.666406 0.457639 0.048437 0.106944
6 0.741797 0.462500 0.028906 0.080556
6 0.805859 0.452083 0.042969 0.143056
6 0.957422 0.453472 0.058594 0.162500
1 0.482812 0.537500 0.051562 0.130556
1 0.579687 0.523611 0.025000 0.077778
1 0.611328 0.513889 0.024219 0.052778
1 0.667969 0.550000 0.053125 0.091667
1 0.744141 0.529861 0.028906 0.087500
1 0.821484 0.584722 0.071094 0.163889
1 0.972266 0.597917 0.055469 0.173611
