3 0.466016 0.491667 0.057031 0.105556
3 0.534375 0.498611 0.068750 0.102778
6 0.335156 0.456250 0.071875 0.262500
6 0.587109 0.463194 0.028906 0.084722
6 0.666797 0.465972 0.053906 0.109722
6 0.789062 0.454167 0.042188 0.133333
6 0.724219 0.472917 0.034375 0.070833
6 0.858203 0.456944 0.047656 0.127778
6 0.976562 0.450000 0.046875 0.288889
1 0.287891 0.579167 0.085156 0.247222
1 0.587500 0.538889 0.028125 0.094444
1 0.618750 0.521528 0.021875 0.068056
1 0.669531 0.563889 0.053125 0.111111
1 0.723437 0.539583 0.040625 0.070833
1 0.801172 0.577083 0.069531 0.148611
1 0.868359 0.581944 0.060156 0.138889
