3 0.927344 0.527778 0.143750 0.133333
3 0.482812 0.515278 0.042188 0.061111
3 0.521875 0.508333 0.031250 0.091667
6 0.553906 0.472917 0.037500 0.090278
6 0.598047 0.481944 0.030469 0.069444
6 0.683203 0.480556 0.047656 0.116667
6 0.805859 0.467361 0.046094 0.140278
1 0.555078 0.547222 0.039844 0.111111
1 0.593750 0.538194 0.021875 0.079167
1 0.687500 0.564583 0.045313 0.101389
1 0.824609 0.573611 0.072656 0.119444
1 0.986328 0.674306 0.027344 0.218056
1 0.758203 0.549306 0.030469 0.073611
6 0.756250 0.479167 0.029687 0.083333
