3 0.432031 0.494444 0.076563 0.091667
3 0.514453 0.504861 0.064844 0.101389
6 0.571875 0.457639 0.046875 0.134722
6 0.607031 0.475000 0.015625 0.075000
6 0.666406 0.470139 0.051562 0.112500
6 0.742578 0.465278 0.042969 0.119444
6 0.920703 0.462500 0.053906 0.186111
3 0.072266 0.502083 0.139844 0.209722
1 0.575391 0.552083 0.038281 0.118056
1 0.608984 0.525694 0.014844 0.059722
1 0.671875 0.561111 0.057813 0.113889
1 0.750000 0.561111 0.068750 0.122222
1 0.805859 0.557639 0.033594 0.090278
1 0.948828 0.600694 0.069531 0.148611
