3 0.469531 0.504167 0.040625 0.052778
3 0.525391 0.505556 0.057031 0.097222
6 0.170703 0.369444 0.158594 0.336111
6 0.566016 0.472917 0.030469 0.076389
6 0.597656 0.483333 0.025000 0.061111
6 0.678125 0.477083 0.042188 0.104167
6 0.783203 0.468056 0.046094 0.127778
6 0.933984 0.445833 0.094531 0.238889
1 0.144922 0.663194 0.172656 0.395833
1 0.568359 0.540278 0.025781 0.091667
1 0.595703 0.531250 0.022656 0.070833
1 0.677734 0.550000 0.041406 0.086111
1 0.798047 0.578472 0.058594 0.120833
1 0.958594 0.666667 0.082813 0.233333
