3 0.449219 0.493750 0.067188 0.098611
3 0.520703 0.502778 0.064844 0.111111
6 0.576953 0.459722 0.035156 0.111111
6 0.610156 0.470833 0.020312 0.066667
6 0.669141 0.459722 0.042969 0.119444
6 0.764844 0.454861 0.037500 0.143056
6 0.930469 0.466667 0.053125 0.241667
1 0.579297 0.555556 0.039844 0.075000
1 0.678516 0.561806 0.042969 0.090278
1 0.778125 0.575694 0.056250 0.118056
1 0.828906 0.563889 0.034375 0.102778
1 0.970703 0.602778 0.053906 0.177778
1 0.054297 0.545139 0.097656 0.426389
1 0.121875 0.526389 0.067188 0.108333
