3 0.532517 0.494401 0.057031 0.104167
6 0.670703 0.466667 0.042969 0.130556
6 0.457422 0.441667 0.046094 0.125000
6 0.583203 0.464583 0.025781 0.079167
6 0.614062 0.468056 0.018750 0.050000
6 0.737500 0.468750 0.032812 0.076389
6 0.801953 0.451389 0.041406 0.158333
6 0.924609 0.456250 0.058594 0.145833
1 0.451953 0.548611 0.060156 0.155556
1 0.582422 0.530556 0.032031 0.091667
1 0.614453 0.515972 0.025781 0.076389
1 0.666406 0.558333 0.051562 0.108333
1 0.736328 0.536806 0.042969 0.079167
1 0.820312 0.573611 0.079687 0.163889
1 0.946484 0.589583 0.053906 0.168056
