3 0.228516 0.506250 0.116406 0.109722
3 0.353906 0.507639 0.125000 0.145833
3 0.496094 0.506944 0.076563 0.127778
6 0.967969 0.461806 0.064062 0.179167
6 0.777344 0.402778 0.120312 0.283333
6 0.665234 0.468750 0.027344 0.062500
6 0.575391 0.469444 0.028906 0.069444
6 0.600000 0.473611 0.020312 0.072222
1 0.561328 0.465278 0.000781 0.002778
1 0.575391 0.544444 0.033594 0.063889
1 0.605859 0.534028 0.019531 0.059722
1 0.629687 0.518750 0.017188 0.051389
1 0.664844 0.545139 0.026563 0.081944
1 0.801172 0.669444 0.172656 0.333333
1 0.957812 0.611806 0.078125 0.120833
