3 0.473437 0.493750 0.048437 0.068056
3 0.532422 0.496528 0.057031 0.104167
6 0.405469 0.453472 0.059375 0.190278
6 0.588281 0.470139 0.026563 0.087500
6 0.617578 0.471528 0.019531 0.059722
6 0.666797 0.459028 0.053906 0.109722
6 0.726172 0.463194 0.033594 0.081944
6 0.796094 0.454861 0.056250 0.140278
6 0.886328 0.461111 0.053906 0.141667
1 0.381250 0.554167 0.056250 0.166667
1 0.586328 0.536806 0.030469 0.079167
1 0.615234 0.523611 0.019531 0.061111
1 0.669531 0.561806 0.051562 0.104167
1 0.733203 0.538194 0.033594 0.068056
1 0.817187 0.577083 0.060938 0.143056
1 0.903906 0.576389 0.059375 0.130556
