1 0.615625 0.545139 0.029687 0.076389
1 0.242188 0.554861 0.081250 0.256944
3 0.405859 0.528472 0.083594 0.112500
3 0.508594 0.534028 0.056250 0.090278
1 0.467969 0.550694 0.021875 0.065278
1 0.054688 0.648611 0.109375 0.219444
1 0.153906 0.600000 0.035937 0.150000
6 0.051172 0.437500 0.099219 0.480556
6 0.126172 0.506250 0.039844 0.298611
6 0.287109 0.487500 0.072656 0.247222
6 0.158203 0.463889 0.025781 0.102778
6 0.191016 0.497222 0.021094 0.080556
6 0.612891 0.503472 0.022656 0.056944
6 0.468359 0.513889 0.030469 0.058333
4 0.739844 0.500694 0.056250 0.148611
4 0.830859 0.494444 0.125781 0.200000
